0.638783 0.026026 0.475764 0.604092 
0.714892 0.432858 0.548171 0.032728 
0.646983 0.577153 0.376615 0.326295 
0.032302 0.662423 0.003101 0.748427 
0.209166 0.951549 0.224386 0.021349 
0.405928 0.098935 0.390520 0.820322 
0.487054 0.225186 0.834191 0.127260 
0.446272 0.040838 0.639786 0.624377 
0.073868 0.342993 0.682636 0.641020 
0.159578 0.191741 0.966779 0.055759 
0.307474 0.018307 0.630441 0.712508 
0.247565 0.720328 0.490440 0.423447 
0.833177 0.404344 0.221395 0.305461 
0.674886 0.424581 0.598547 0.077462 
0.145639 0.720626 0.582922 0.345962 
0.842251 0.456652 0.240683 0.155413 
0.571121 0.215889 0.613606 0.500699 
0.633992 0.156652 0.512032 0.557977 
0.009267 0.922595 0.337592 0.186452 
0.216489 0.254653 0.688678 0.643434 
0.737229 0.246218 0.592015 0.213047 
0.384512 0.569786 0.201445 0.697793 
0.036935 0.569120 0.703657 0.423799 
0.712424 0.479153 0.510852 0.043529 
0.650050 0.447212 0.187662 0.584995 
0.078515 0.478404 0.594687 0.641337 
0.156787 0.651773 0.735782 0.096102 
0.065028 0.344183 0.767077 0.537496 
0.237554 0.664888 0.699066 0.113130 
0.009052 0.374991 0.809279 0.452071 
0.021389 0.120773 0.626847 0.769428 
0.496179 0.001935 0.618014 0.609805 
0.014082 0.544712 0.523433 0.655064 
0.566785 0.170091 0.620715 0.514332 
0.353532 0.841895 0.283408 0.293101 
0.201206 0.199457 0.567417 0.773157 
0.526275 0.110984 0.137921 0.831682 
0.525294 0.455211 0.385054 0.607111 
0.285174 0.505912 0.724315 0.371613 
0.836839 0.282173 0.322798 0.340411 
0.467970 0.724417 0.410834 0.295702 
0.493869 0.648675 0.494988 0.300502 
0.254752 0.382626 0.633982 0.621905 
0.073246 0.138867 0.433795 0.887228 
0.406205 0.344131 0.784663 0.317607 
0.901121 0.320990 0.125417 0.263092 
0.367656 0.677077 0.318927 0.551979 
0.394410 0.721577 0.568822 0.014422 
0.421512 0.244900 0.704604 0.515639 
0.225312 0.519079 0.818093 0.102550 
0.527187 0.502488 0.685182 0.010233 
0.566891 0.110453 0.794923 0.185831 
0.158812 0.739969 0.076554 0.649126 
0.119706 0.386557 0.602738 0.687714 
0.561025 0.386267 0.573156 0.455566 
0.023156 0.062732 0.502057 0.862246 
0.054428 0.284570 0.819119 0.495077 
0.237664 0.128663 0.792265 0.547063 
0.692362 0.645566 0.265411 0.182855 
0.626632 0.486347 0.184170 0.580414 
0.624790 0.177029 0.479956 0.589865 
0.609277 0.554429 0.324745 0.464684 
0.672542 0.609983 0.355306 0.222184 
0.650614 0.408628 0.064589 0.636831 
0.484195 0.322228 0.804693 0.119140 
0.060610 0.508642 0.663879 0.544862 
0.449228 0.799278 0.206421 0.341671 
0.791788 0.437768 0.283547 0.317855 
0.783041 0.554267 0.282034 0.009578 
0.097395 0.923842 0.230757 0.289449 
0.872959 0.395787 0.282663 0.037381 
0.384204 0.872113 0.256669 0.161019 
0.526188 0.772096 0.339066 0.109676 
0.520017 0.787467 0.032031 0.329321 
0.625957 0.747209 0.217552 0.050283 
0.691485 0.331990 0.012795 0.641457 
0.341054 0.496543 0.034193 0.797470 
0.729215 0.193831 0.655948 0.020200 
0.558313 0.702835 0.440412 0.018624 
0.441842 0.356296 0.078082 0.819593 
0.477619 0.525905 0.218732 0.668924 
0.475849 0.356552 0.642449 0.483423 
0.145060 0.346610 0.110105 0.920161 
0.403135 0.671539 0.233922 0.576019 
0.445040 0.644908 0.267164 0.560942 
0.642125 0.610111 0.430769 0.172854 
0.542465 0.282630 0.640624 0.464168 
0.613960 0.342072 0.513536 0.492261 
0.595951 0.620517 0.164902 0.482295 
0.433089 0.030764 0.273610 0.858269 
0.340624 0.759998 0.160428 0.529756 
0.939826 0.055964 0.156625 0.298436 
0.069374 0.495930 0.864623 0.040843 
0.001963 0.113906 0.033875 0.992912 
0.153181 0.352189 0.906859 0.173506 
0.677227 0.698557 0.212004 0.091849 
0.186635 0.705060 0.484968 0.482559 
0.512717 0.464175 0.704822 0.157761 
0.803014 0.124192 0.063754 0.579379 
0.311695 0.023222 0.732900 0.604288 
0.555978 0.352011 0.014028 0.752848 
0.986374 0.091892 0.116587 0.070924 
0.370292 0.801121 0.419621 0.212149 
0.008322 0.246126 0.020505 0.968985 
0.197819 0.451727 0.737596 0.461261 
0.129128 0.454554 0.619107 0.627227 
0.693415 0.261160 0.171523 0.649270 
0.587631 0.335340 0.711419 0.190049 
0.552980 0.082616 0.462520 0.688086 
0.659907 0.237802 0.661644 0.264954 
0.716884 0.581048 0.144091 0.357348 
0.223858 0.926184 0.204727 0.223958 
0.494534 0.449755 0.723748 0.171306 
0.631580 0.595066 0.368769 0.333185 
0.945316 0.268342 0.009480 0.185152 
0.646136 0.675678 0.289563 0.205234 
0.708358 0.565803 0.418411 0.055034 
0.622060 0.306035 0.714141 0.096888 
0.712947 0.004310 0.692951 0.107275 
0.603310 0.243823 0.212639 0.728939 
0.485000 0.643804 0.338687 0.485368 
0.700346 0.085269 0.675675 0.213792 
0.276821 0.575810 0.108747 0.761569 
0.838885 0.344298 0.410984 0.093935 
0.027392 0.377973 0.440985 0.813584 
0.474314 0.283339 0.322888 0.768433 
0.536911 0.535694 0.251748 0.601150 
0.834100 0.461702 0.286201 0.095903 
0.340659 0.703186 0.353050 0.514622 
0.486192 0.418247 0.713366 0.282481 
0.436079 0.722391 0.233965 0.482956 
0.675891 0.025332 0.208100 0.706558 
0.117634 0.873610 0.051328 0.469397 
0.373699 0.553018 0.715228 0.207288 
0.226971 0.892852 0.388902 0.007337 
0.856080 0.288815 0.310887 0.295061 
0.565495 0.630682 0.277441 0.453302 
0.214224 0.359048 0.823990 0.382406 
0.374507 0.321079 0.804930 0.329759 
0.321557 0.532653 0.477285 0.620548 
0.467075 0.526433 0.451940 0.548142 
0.938518 0.110789 0.075398 0.318159 
0.335373 0.639819 0.620203 0.305786 
0.406371 0.591607 0.519268 0.463923 
0.448873 0.762203 0.303610 0.354090 
0.568715 0.453258 0.451308 0.517147 
0.731636 0.599492 0.203660 0.252667 
0.476908 0.624639 0.539658 0.301916 
0.181830 0.621872 0.686922 0.329168 
0.239146 0.713300 0.657332 0.043907 
0.885392 0.092154 0.444625 0.099482 
0.894432 0.379960 0.037674 0.232812 
0.517672 0.257669 0.689074 0.436807 
0.004264 0.562250 0.617970 0.549517 
0.133873 0.507729 0.790516 0.315236 
0.565010 0.784701 0.213479 0.139409 
0.467460 0.670161 0.571710 0.074258 
0.617381 0.617115 0.115448 0.474007 
0.100994 0.559303 0.723238 0.392309 
0.343060 0.726604 0.582823 0.121135 
0.185648 0.113617 0.060501 0.974149 
0.810019 0.560483 0.167624 0.040376 
0.614951 0.411900 0.432197 0.515150 
0.154331 0.702546 0.485395 0.496994 
0.689583 0.677540 0.087804 0.240219 
0.301890 0.233213 0.649293 0.657946 
0.709861 0.194093 0.658438 0.157746 
0.678093 0.090983 0.352790 0.638319 
0.437580 0.838921 0.284209 0.154792 
0.462873 0.393083 0.197130 0.769658 
0.273564 0.620649 0.494060 0.543932 
0.222774 0.151912 0.734277 0.623002 
0.544263 0.632671 0.017215 0.550644 
0.492087 0.158824 0.853899 0.058999 
0.732560 0.605542 0.231715 0.207325 
0.559521 0.487621 0.372829 0.556921 
0.452630 0.716791 0.345227 0.402684 
0.030972 0.645836 0.239659 0.724224 
0.650484 0.104719 0.491913 0.569145 
0.508929 0.728336 0.448330 0.097563 
0.210372 0.583175 0.309520 0.721004 
0.644764 0.518536 0.550187 0.112667 
0.135567 0.592154 0.523421 0.597499 
0.728867 0.468122 0.222294 0.447437 
0.188212 0.553602 0.514634 0.627098 
0.501586 0.034694 0.377955 0.777405 
0.068113 0.240503 0.967843 0.028252 
0.853737 0.366403 0.365615 0.056627 
0.484160 0.509501 0.578294 0.414216 
0.486743 0.105701 0.768062 0.402478 
0.379957 0.656854 0.532363 0.375188 
0.256574 0.774743 0.172677 0.551477 
0.394778 0.482176 0.626787 0.467754 
0.397176 0.667086 0.623783 0.090236 
0.378418 0.366032 0.763710 0.373588 
0.210208 0.419651 0.818939 0.330220 
0.333482 0.536057 0.610186 0.478650 
0.289921 0.148992 0.736245 0.593035 
0.473818 0.260019 0.598470 0.591372 
0.212234 0.423479 0.878069 0.067951 
